02,23456789012,1530243864,1530245807
02,05234567893,1529654282,1529654912
01,71234567897,1529429863,1529431491
01,23456789012,1528351116,1528352561
02,45678901234,1529081173,1529082523
02,05234567893,1530453916,1530455920
02,03234567891,1528630050,1528632591
02,51234567895,1529584822,1529585411
01,91234567899,1529578166,1529579960
01,61234567896,1528315183,1528315481
02,04234567892,1529419200,1529422690
02,67890123456,1528820769,1528821807
01,03234567891,1529745121,1529746966
02,34567890123,1529120760,1529121532
02,56789012345,1529446691,1529447378
02,78901234567,1528713866,1528715883
01,51234567895,1528203803,1528206727
01,21234567892,1528605678,1528605911
01,03234567891,1529611699,1529613624
02,61234567896,1529585776,1529586591
02,01234567890,1529530379,1529532449
01,31234567893,1530104298,1530106264
01,05234567893,1528209600,1528211436
02,90123456789,1530304398,1530306707
01,05234567893,1528075852,1528077117
02,90123456789,1530453201,1530454880
02,31234567893,1528672779,1528675771
01,21234567892,1529055394,1529056286
01,21234567892,1529970345,1529972559
01,45678901234,1528814027,1528817479
02,11234567891,1529245726,1529247469
01,21234567892,1528063613,1528065161
02,67890123456,1528959761,1528959940
01,67890123456,1528374114,1528377242
01,23456789012,1529188847,1529192057
02,07234567895,1528173968,1528175326
01,04234567892,1530045042,1530046633
02,07234567895,1529240344,1529242587
01,91234567899,1529398936,1529401592
02,56789012345,1530014972,1530018377
02,71234567897,1530086913,1530089590
02,45678901234,1528289478,1528289636
02,05234567893,1528677483,1528680497
01,06234567894,1529163897,1529164882
01,90123456789,1528006655,1528009037
01,12345678901,1528276923,1528279674
02,06234567894,1528012068,1528012373
01,67890123456,1529130131,1529132259
01,89012345678,1528784674,1528785730
02,61234567896,1530486121,1530487088
01,71234567897,1528743607,1528744858
01,61234567896,1528070734,1528074224
01,71234567897,1530149785,1530151422
02,01234567890,1527985658,1527988342
01,91234567899,1530023187,1530024840
01,12345678901,1528653636,1528656606
01,89012345678,1528206304,1528209417
02,02234567890,1528925794,1528925904
02,03234567891,1528000378,1528003392
02,34567890123,1528377351,1528379836
01,07234567895,1528238426,1528240078
01,91234567899,1529975874,1529978540
02,07234567895,1529262476,1529265866
01,01234567890,1529077791,1529079988
01,90123456789,1530335597,1530338466
01,31234567893,1528727811,1528728991
02,61234567896,1529631800,1529632078
02,67890123456,1530276588,1530278916
02,89012345678,1529203798,1529204379
02,51234567895,1528316992,1528319561
01,61234567896,1528306432,1528308308
01,61234567896,1530185767,1530188032
01,34567890123,1529694041,1529696131
01,12345678901,1529636864,1529637197
02,06234567894,1528200769,1528202248
02,31234567893,1529865199,1529865637
01,67890123456,1528082861,1528083558
02,31234567893,1529644346,1529647571
02,89012345678,1529926078,1529929665
02,01234567890,1528426198,1528427040
02,06234567894,1529112456,1529114902
02,34567890123,1528546925,1528549869
01,34567890123,1527967899,1527969334
01,41234567894,1528293446,1528296308
02,90123456789,1530268396,1530270154
01,56789012345,1528839324,1528842359
02,21234567892,1528411587,1528411819
01,45678901234,1529938489,1529939992
02,21234567892,1529088465,1529089115
01,45678901234,1529810264,1529811613
02,07234567895,1528513068,1528516095
01,12345678901,1529513878,1529516642
02,45678901234,1529352769,1529355803
