01,51234567895,1532058863,1532060288
02,71234567897,1531695449,1531698487
02,34567890123,1530897160,1530897880
01,41234567894,1531099360,1531100970
02,67890123456,1531100570,1531101435
01,78901234567,1531686017,1531688163
01,31234567893,1531492351,1531493280
01,61234567896,1532759909,1532761974
02,12345678901,1530561562,1530564689
02,67890123456,1531421651,1531424700
01,56789012345,1532607448,1532609842
02,04234567892,1530835939,1530836372
01,01234567890,1532381361,1532384769
01,06234567894,1531938364,1531940988
02,06234567894,1532494949,1532497408
01,03234567891,1530619365,1530621800
02,21234567892,1531690259,1531691509
02,05234567893,1530831276,1530833855
02,11234567891,1531213716,1531215237
01,81234567898,1531870383,1531871187
02,91234567899,1533042951,1533044529
01,67890123456,1531684384,1531686280
01,06234567894,1533052428,1533055794
01,06234567894,1531503992,1531506856
02,05234567893,1532403669,1532405571
02,91234567899,1532726414,1532726998
01,05234567893,1531101071,1531104408
01,67890123456,1532273106,1532274973
02,01234567890,1532433138,1532435923
01,67890123456,1531558390,1531561406
02,03234567891,1532661684,1532664839
02,45678901234,1532492512,1532495619
01,71234567897,1532524282,1532527321
02,01234567890,1531763286,1531764733
02,23456789012,1532818418,1532819619
01,21234567892,1532806460,1532807764
01,45678901234,1532572375,1532573802
01,12345678901,1531637479,1531638148
02,51234567895,1531652682,1531655035
01,61234567896,1532746238,1532748956
01,71234567897,1531397025,1531397460
01,01234567890,1530649601,1530649981
02,45678901234,1531020694,1531022123
02,06234567894,1530775767,1530776201
01,34567890123,1531826988,1531828638
02,03234567891,1532022962,1532026473
02,56789012345,1531575471,1531577074
02,21234567892,1532019472,1532019656
02,31234567893,1532927085,1532928503
02,45678901234,1530576230,1530577041
02,90123456789,1532203123,1532203413
01,81234567898,1531391668,1531394340
01,78901234567,1532496841,1532500098
02,67890123456,1531059738,1531063091
01,21234567892,1532549552,1532550842
01,41234567894,1531845689,1531848689
02,02234567890,1530609369,1530610019
01,51234567895,1532787450,1532788814
02,03234567891,1532158824,1532161117
02,89012345678,1531719453,1531722435
02,02234567890,1530908850,1530909610
02,21234567892,1531345231,1531345496
02,23456789012,1531634771,1531637416
01,91234567899,1532219600,1532220544
01,41234567894,1530907523,1530907594
02,21234567892,1530710318,1530712449
02,61234567896,1531667022,1531667169
01,23456789012,1531572034,1531573792
02,71234567897,1532415604,1532418628
01,81234567898,1531655752,1531658396
01,02234567890,1531526550,1531528603
01,61234567896,1532507751,1532508101
01,04234567892,1531644987,1531647589
01,51234567895,1532486341,1532486393
02,81234567898,1531360613,1531363359
01,07234567895,1532392550,1532394748
02,56789012345,1532230870,1532231670
02,07234567895,1530993387,1530994259
02,31234567893,1532854373,1532857700
02,51234567895,1532750494,1532753300
01,51234567895,1532214371,1532216264
02,41234567894,1533064550,1533064762
02,91234567899,1531933362,1531934442
02,71234567897,1531097381,1531099331
01,01234567890,1530803270,1530803307
01,71234567897,1531984971,1531986338
02,06234567894,1531535101,1531538591
01,01234567890,1531205419,1531206694
02,31234567893,1532074828,1532078194
02,03234567891,1531520667,1531523411
02,89012345678,1531287006,1531287548
02,56789012345,1531889770,1531890750
01,06234567894,1531196446,1531199817
01,34567890123,1532982101,1532983756
02,41234567894,1530967306,1530970741
02,07234567895,1532162223,1532163586
02,05234567893,1531057200,1531059798
01,67890123456,1532191533,1532192358
02,07234567895,1532009811,1532010729
01,81234567898,1530907722,1530907936
