01,81234567898,1533202146,1533204591
02,89012345678,1534121290,1534123713
02,01234567890,1533638892,1533640895
02,89012345678,1534397609,1534398771
01,67890123456,1535488119,1535491584
01,71234567897,1534287544,1534288479
02,51234567895,1534808840,1534812028
02,21234567892,1534319813,1534321168
02,21234567892,1535346720,1535348627
01,45678901234,1534528036,1534528140
02,03234567891,1533306836,1533308233
02,31234567893,1534738532,1534741042
02,61234567896,1533377426,1533377913
02,12345678901,1535514152,1535516470
01,11234567891,1534364497,1534365347
02,67890123456,1534072171,1534074323
02,89012345678,1534217445,1534220722
01,11234567891,1534778141,1534779264
01,12345678901,1533298197,1533299066
02,07234567895,1533301718,1533303159
02,89012345678,1533197198,1533197711
01,61234567896,1534843872,1534846255
01,02234567890,1535545079,1535547903
01,81234567898,1534182713,1534183040
01,07234567895,1534923256,1534926145
01,45678901234,1535436880,1535438205
02,91234567899,1533746084,1533748718
01,89012345678,1535133582,1535136887
01,41234567894,1534501301,1534503019
02,05234567893,1533907259,1533907412
01,11234567891,1534197579,1534199202
01,06234567894,1533805931,1533806327
01,91234567899,1535111312,1535113553
02,02234567890,1533558365,1533560596
01,07234567895,1534995239,1534997138
01,04234567892,1533179632,1533181248
01,07234567895,1533564160,1533565749
02,31234567893,1535426797,1535427286
01,81234567898,1535307198,1535310129
02,34567890123,1535408439,1535409634
01,91234567899,1533892066,1533894758
02,03234567891,1533895055,1533895226
01,12345678901,1535655090,1535656493
01,34567890123,1535180821,1535180885
02,51234567895,1533748852,1533751603
02,81234567898,1533603684,1533605961
02,02234567890,1535497211,1535498896
01,81234567898,1534203779,1534205075
02,41234567894,1535296950,1535297203
01,01234567890,1535447743,1535450457
01,06234567894,1533571792,1533574144
02,02234567890,1534664954,1534666125
02,04234567892,1533794767,1533795008
02,41234567894,1534053336,1534054508
02,02234567890,1535195332,1535195658
02,04234567892,1535447753,1535450007
01,71234567897,1535592165,1535593408
02,34567890123,1533975761,1533979218
01,02234567890,1534635229,1534636220
02,56789012345,1535651477,1535653187
01,02234567890,1533713403,1533716233
02,04234567892,1534905070,1534908297
