01,51234567895,1538065383,1538066667
02,41234567894,1536689444,1536692725
02,67890123456,1537280080,1537280761
01,02234567890,1535849632,1535850633
01,81234567898,1537370191,1537370481
02,34567890123,1536268032,1536269396
02,34567890123,1536958784,1536959097
02,21234567892,1536906260,1536907433
01,89012345678,1536975798,1536977193
01,02234567890,1538174231,1538175233
01,45678901234,1537613891,1537614231
02,06234567894,1537915560,1537915687
02,31234567893,1536929270,1536931195
01,01234567890,1537027975,1537030141
02,11234567891,1536920962,1536924261
02,01234567890,1537314968,1537316011
01,81234567898,1537838852,1537840985
01,41234567894,1536969692,1536970087
01,23456789012,1536727241,1536729044
02,07234567895,1538239188,1538242056
02,90123456789,1537332207,1537332763
01,01234567890,1536929366,1536932838
02,07234567895,1535748407,1535750086
02,12345678901,1537055868,1537056478
02,89012345678,1536070365,1536072750
01,71234567897,1537968337,1537971698
01,11234567891,1536205062,1536206451
02,78901234567,1536445174,1536447787
02,12345678901,1536115193,1536116184
02,05234567893,1536237668,1536239996
02,12345678901,1538250299,1538253319
01,07234567895,1537387681,1537387744
01,21234567892,1536999362,1537000547
02,41234567894,1537619524,1537621664
01,78901234567,1537633780,1537634207
02,90123456789,1536640698,1536643200
02,21234567892,1536694538,1536694617
01,05234567893,1537743847,1537746460
02,03234567891,1536614996,1536615539
01,05234567893,1536397195,1536398273
02,71234567897,1536774589,1536775753
01,45678901234,1536869472,1536872905
01,12345678901,1535910195,1535913443
01,02234567890,1536059730,1536061718
01,03234567891,1535844133,1535844888
02,81234567898,1536873790,1536874979
02,31234567893,1536188184,1536189513
01,45678901234,1537284404,1537286673
02,61234567896,1535783912,1535786701
02,71234567897,1535713257,1535716672
02,31234567893,1536737639,1536740284
02,78901234567,1536909011,1536911247
02,90123456789,1536791072,1536794040
02,11234567891,1538119316,1538121545
01,12345678901,1536197296,1536200046
02,78901234567,1536354321,1536357396
01,01234567890,1537203190,1537206494
02,78901234567,1536391456,1536392353
01,81234567898,1538005165,1538006319
01,23456789012,1537645365,1537647969
02,23456789012,1538189320,1538191595
02,02234567890,1535831183,1535834160
02,67890123456,1537288359,1537291461
02,89012345678,1535981882,1535983192
01,67890123456,1536610343,1536613561
02,81234567898,1535842797,1535844618
01,06234567894,1537206297,1537208290
01,02234567890,1538082021,1538085037
01,07234567895,1537562765,1537565579
02,34567890123,1535858803,1535861011
01,91234567899,1537151459,1537153698
01,03234567891,1535814388,1535815504
01,89012345678,1536529458,1536532152
02,45678901234,1537033569,1537035338
02,21234567892,1536296296,1536297113
01,03234567891,1537527565,1537529259
02,89012345678,1536491204,1536494150
02,41234567894,1538103575,1538107152
02,45678901234,1536991753,1536993067
01,71234567897,1536386583,1536386935
01,91234567899,1535773918,1535776775
02,45678901234,1537591150,1537591810
02,91234567899,1536788651,1536791824
02,23456789012,1535980485,1535982365
01,91234567899,1538008703,1538011056
02,12345678901,1537175758,1537179141
02,02234567890,1537759052,1537759095
01,71234567897,1537533881,1537535377
01,12345678901,1536552872,1536556225
02,41234567894,1536550100,1536551347
01,05234567893,1535711048,1535713504
01,45678901234,1537753989,1537756351
01,41234567894,1536170837,1536172573
01,04234567892,1535790366,1535793117
02,90123456789,1537984107,1537986432
01,61234567896,1537244291,1537247841
02,04234567892,1536375975,1536379086
01,61234567896,1536291942,1536292827
02,07234567895,1537953823,1537953991
01,41234567894,1536600392,1536600527
02,31234567893,1537073327,1537075619
01,23456789012,1536348464,1536348524
02,02234567890,1536038008,1536041524
02,90123456789,1536977919,1536980853
02,01234567890,1536068731,1536071253
02,56789012345,1536918620,1536920465
02,91234567899,1536795924,1536799504
01,31234567893,1538088010,1538088193
02,34567890123,1537437413,1537440900
02,21234567892,1537445486,1537446692
02,51234567895,1536603141,1536604847
01,05234567893,1537426169,1537426731
01,02234567890,1536318270,1536320125
02,45678901234,1536148591,1536149033
02,01234567890,1537323680,1537324775
01,04234567892,1537411823,1537413950
01,05234567893,1535920846,1535923809
01,89012345678,1536691815,1536694542
02,03234567891,1537312990,1537314965
02,07234567895,1537196808,1537199407
02,56789012345,1537639878,1537642765
01,81234567898,1537909115,1537912531
01,11234567891,1535832577,1535834733
01,31234567893,1537051726,1537051969
01,67890123456,1537862939,1537865782
02,61234567896,1536693247,1536694036
01,01234567890,1536292921,1536293041
01,89012345678,1538043525,1538045359
02,61234567896,1537997588,1537998486
01,45678901234,1538166548,1538169716
02,06234567894,1535892089,1535894233
01,01234567890,1537725736,1537727584
01,21234567892,1537463222,1537464039
01,31234567893,1535800060,1535803621
01,01234567890,1535863388,1535864751
02,78901234567,1537230760,1537234332
02,23456789012,1536109582,1536112616
01,41234567894,1535794200,1535796817
02,41234567894,1536991126,1536991781
01,21234567892,1537321622,1537324086
02,11234567891,1536903439,1536904060
01,91234567899,1536220555,1536221937
01,41234567894,1537768526,1537772005
02,01234567890,1535730120,1535730679
01,11234567891,1538230992,1538231138
