01,02234567890,1539249168,1539249620
02,21234567892,1538744846,1538746222
02,31234567893,1540744290,1540747137
02,03234567891,1540112569,1540115909
02,05234567893,1538612712,1538614085
01,01234567890,1539361227,1539362609
02,05234567893,1539695305,1539696927
01,67890123456,1539027704,1539027772
01,41234567894,1539273869,1539274240
01,12345678901,1538886568,1538890109
02,61234567896,1540284437,1540286471
01,81234567898,1539497978,1539499551
02,23456789012,1538872817,1538875711
01,04234567892,1540141602,1540143121
02,07234567895,1540047669,1540050963
02,23456789012,1540043835,1540047013
01,31234567893,1540757751,1540760612
01,23456789012,1538453836,1538456280
02,02234567890,1540717645,1540718265
01,31234567893,1538948874,1538949851
01,04234567892,1538986659,1538987741
02,34567890123,1540424073,1540425532
01,71234567897,1539327583,1539329950
01,41234567894,1540158648,1540161638
02,23456789012,1539981638,1539983761
01,90123456789,1538939953,1538941931
01,34567890123,1540166579,1540169810
02,02234567890,1539893280,1539896079
02,06234567894,1538993397,1538995369
02,41234567894,1540170029,1540170435
01,03234567891,1540678242,1540679055
02,45678901234,1539361458,1539364235
02,12345678901,1540046692,1540048210
02,07234567895,1539628506,1539629589
01,34567890123,1540597967,1540599253
02,34567890123,1540018467,1540019819
02,45678901234,1538371155,1538372958
01,41234567894,1538942440,1538944337
01,51234567895,1538716774,1538717563
01,06234567894,1539382830,1539384200
01,81234567898,1540660028,1540660361
01,41234567894,1539233525,1539236340
01,03234567891,1539990054,1539990783
01,05234567893,1540847787,1540851116
02,89012345678,1540511339,1540514491
02,71234567897,1539288522,1539289045
02,91234567899,1540738302,1540739248
01,56789012345,1538477055,1538478711
02,06234567894,1539508941,1539511402
01,31234567893,1540533439,1540536834
02,51234567895,1540483028,1540484656
02,01234567890,1540566040,1540569234
01,81234567898,1538718982,1538720735
01,05234567893,1540302996,1540305066
02,07234567895,1538892584,1538896145
01,04234567892,1538637805,1538640302
01,34567890123,1539961894,1539964063
01,61234567896,1539082032,1539084379
01,78901234567,1539510631,1539511480
01,51234567895,1540393227,1540393463
01,45678901234,1540124933,1540126513
02,51234567895,1539068853,1539071181
02,56789012345,1538902362,1538902600
01,67890123456,1538907460,1538908873
02,21234567892,1538603761,1538606151
01,61234567896,1539572871,1539572910
01,21234567892,1539574505,1539574806
02,90123456789,1540354422,1540355738
01,89012345678,1538987945,1538989963
01,61234567896,1539752227,1539752990
01,04234567892,1539483398,1539485756
01,91234567899,1540387283,1540389003
02,78901234567,1538637357,1538640925
01,01234567890,1538600385,1538600504
01,31234567893,1539040749,1539044095
02,04234567892,1539830767,1539833528
01,89012345678,1540608252,1540611538
01,04234567892,1538835132,1538837225
02,31234567893,1540209473,1540209508
01,67890123456,1540798791,1540800126
01,81234567898,1539413323,1539415509
01,12345678901,1538677698,1538679293
01,71234567897,1538785462,1538788692
01,06234567894,1538765269,1538768564
02,03234567891,1539990050,1539993084
01,07234567895,1540790580,1540794049
01,01234567890,1540535485,1540539052
01,31234567893,1538674518,1538677404
02,67890123456,1539341044,1539344129
02,02234567890,1540670622,1540671461
01,12345678901,1539946331,1539946377
01,04234567892,1540330372,1540330991
02,56789012345,1540626674,1540627536
01,71234567897,1540144752,1540147406
02,41234567894,1540388994,1540391131
02,56789012345,1540432778,1540434322
02,03234567891,1539672442,1539673002
01,45678901234,1538451567,1538453962
02,23456789012,1540140827,1540141097
