02,31234567893,1541838210,1541840470
01,78901234567,1541991176,1541994707
01,51234567895,1543109492,1543111377
02,67890123456,1543322621,1543324095
02,89012345678,1542730698,1542730795
01,78901234567,1542529663,1542532600
02,41234567894,1543336624,1543337913
01,81234567898,1541008836,1541009553
01,91234567899,1541203311,1541205099
01,21234567892,1541926916,1541927916
02,78901234567,1541140216,1541143387
02,78901234567,1542733829,1542733882
02,34567890123,1542727631,1542727927
02,71234567897,1543193276,1543195131
01,03234567891,1541689659,1541692913
02,05234567893,1541001118,1541003868
02,91234567899,1543453335,1543454634
02,02234567890,1542984627,1542986011
01,06234567894,1541400267,1541402074
02,31234567893,1541531179,1541531497
01,51234567895,1542929574,1542931371
02,12345678901,1543457787,1543458164
01,04234567892,1540924093,1540927311
01,91234567899,1542958607,1542960099
02,21234567892,1541508921,1541511098
01,31234567893,1541311177,1541311673
02,12345678901,1542207582,1542208492
01,91234567899,1543215780,1543217037
01,90123456789,1541000270,1541000883
02,07234567895,1543303943,1543304018
02,91234567899,1541671828,1541672564
01,45678901234,1542151251,1542153507
01,61234567896,1541178088,1541179767
01,06234567894,1542368994,1542372500
01,02234567890,1542033316,1542034394
02,31234567893,1541418651,1541422237
01,12345678901,1540922751,1540923589
01,03234567891,1541036252,1541036606
01,06234567894,1541098296,1541100238
02,71234567897,1541315850,1541319414
02,05234567893,1542349212,1542350484
01,67890123456,1541558980,1541559686
01,21234567892,1541280059,1541281020
01,81234567898,1542702498,1542702774
02,21234567892,1541799414,1541800596
01,45678901234,1540966604,1540968871
02,56789012345,1541550952,1541553238
02,23456789012,1541253155,1541255597
01,31234567893,1543018355,1543019004
01,51234567895,1543054807,1543057644
01,23456789012,1541488746,1541492155
02,91234567899,1541660389,1541661468
01,71234567897,1541500573,1541502348
01,03234567891,1541617747,1541621009
02,01234567890,1543379576,1543382306
01,71234567897,1541880932,1541883419
02,02234567890,1541257117,1541258651
01,81234567898,1543434992,1543437747
01,06234567894,1543096734,1543097065
02,02234567890,1543407675,1543407963
02,23456789012,1541163701,1541164230
01,91234567899,1543086662,1543087521
01,12345678901,1541686283,1541688811
01,06234567894,1542822615,1542825790
02,90123456789,1542519445,1542522554
02,21234567892,1542608494,1542610525
01,90123456789,1541958623,1541961734
02,61234567896,1541305944,1541306118
02,56789012345,1540914829,1540916137
01,89012345678,1542184442,1542186540
01,07234567895,1541902759,1541905390
02,21234567892,1542068203,1542068255
01,03234567891,1543436360,1543439210
02,34567890123,1541642050,1541642488
01,05234567893,1540935724,1540937947
02,89012345678,1542571406,1542573089
01,23456789012,1541188726,1541189608
02,11234567891,1542810378,1542812120
02,71234567897,1541304162,1541307711
02,61234567896,1541599772,1541603351
02,06234567894,1543387368,1543390114
01,31234567893,1543104194,1543105817
01,56789012345,1541303302,1541304689
01,31234567893,1542250401,1542250925
02,04234567892,1542112191,1542113119
02,12345678901,1542132738,1542133634
02,78901234567,1543179763,1543180901
01,61234567896,1542331552,1542332202
02,03234567891,1543446666,1543449174
01,05234567893,1542443379,1542446490
01,04234567892,1541043156,1541046701
01,91234567899,1542528050,1542530026
01,11234567891,1542722460,1542724349
02,05234567893,1543446038,1543446691
02,02234567890,1541542362,1541543662
01,31234567893,1542829425,1542829851
01,51234567895,1543471571,1543474207
02,07234567895,1542441638,1542443833
01,56789012345,1541950178,1541952642
01,05234567893,1542044810,1542047602
01,61234567896,1542622110,1542623220
01,41234567894,1542661310,1542664840
02,45678901234,1543291811,1543294941
02,67890123456,1542126567,1542127705
02,34567890123,1541097593,1541098606
01,71234567897,1541489048,1541489144
01,23456789012,1542317581,1542319900
01,34567890123,1541218985,1541221973
01,31234567893,1541732712,1541735071
02,06234567894,1541345857,1541347891
02,89012345678,1543272495,1543273290
02,71234567897,1541027194,1541030636
02,11234567891,1542625217,1542625795
02,91234567899,1541892918,1541893854
01,89012345678,1541192393,1541194008
01,89012345678,1542523933,1542526241
02,01234567890,1541211794,1541214389
01,67890123456,1542279524,1542279582
02,89012345678,1541462861,1541463495
01,02234567890,1542498533,1542498680
01,03234567891,1541872681,1541873113
01,02234567890,1541053836,1541057083
02,34567890123,1542228025,1542230085
01,51234567895,1541668811,1541671169
01,71234567897,1541173887,1541176552
02,45678901234,1542912723,1542915053
01,11234567891,1542859550,1542860157
01,31234567893,1541762459,1541763551
02,23456789012,1542509480,1542512938
02,51234567895,1543316408,1543316946
01,02234567890,1540887340,1540889120
01,45678901234,1541193527,1541193785
01,67890123456,1541400994,1541401795
02,23456789012,1543068053,1543069709
01,07234567895,1541946139,1541946657
01,07234567895,1541492901,1541494397
01,05234567893,1541397477,1541397886
02,45678901234,1543001185,1543004281
01,31234567893,1540919617,1540923044
01,23456789012,1542678398,1542680687
02,04234567892,1543473875,1543476656
02,51234567895,1541421000,1541422503
02,67890123456,1541965070,1541966833
01,01234567890,1541302111,1541302810
01,67890123456,1543436273,1543438922
02,81234567898,1541676455,1541676992
01,11234567891,1541783096,1541785028
01,31234567893,1541316021,1541317748
