02,61234567896,1547247030,1547250290
02,89012345678,1547659641,1547660358
01,34567890123,1547116941,1547120375
01,31234567893,1547302849,1547302991
01,01234567890,1547071187,1547074465
01,12345678901,1548644782,1548647192
02,06234567894,1547897048,1547899770
02,23456789012,1547843378,1547846209
01,31234567893,1546441996,1546442605
02,06234567894,1547389742,1547391093
02,81234567898,1546429139,1546431881
02,31234567893,1547693202,1547695707
02,51234567895,1547143934,1547146688
01,78901234567,1546560796,1546561417
02,02234567890,1547748417,1547750216
02,45678901234,1547558150,1547561081
01,56789012345,1547514735,1547517660
02,90123456789,1548590599,1548593854
01,41234567894,1546875869,1546876330
01,03234567891,1547611453,1547613711
02,05234567893,1546708140,1546709458
01,06234567894,1546887998,1546888053
02,78901234567,1546407276,1546409793
01,51234567895,1547283270,1547283451
02,90123456789,1547555525,1547555897
01,67890123456,1546220444,1546221660
02,71234567897,1548641702,1548642166
01,71234567897,1548470364,1548471141
01,02234567890,1546854587,1546857067
02,07234567895,1548469364,1548470970
02,07234567895,1546584974,1546588181
01,81234567898,1546197550,1546200890
01,81234567898,1547302080,1547304707
02,41234567894,1547832425,1547833569
01,12345678901,1546870739,1546871339
02,51234567895,1548048274,1548051456
02,56789012345,1548064951,1548066808
01,05234567893,1547204942,1547206792
01,11234567891,1546372328,1546375079
02,04234567892,1548136752,1548137657
02,78901234567,1548262456,1548262974
01,78901234567,1548564981,1548568209
02,89012345678,1547198773,1547200905
02,91234567899,1547215296,1547218021
01,06234567894,1547443729,1547444687
02,12345678901,1548016546,1548019709
02,81234567898,1546352048,1546355010
01,90123456789,1546874932,1546875984
01,45678901234,1546089274,1546090783
02,23456789012,1546789640,1546791876
02,41234567894,1547989645,1547993220
02,71234567897,1547716719,1547716849
01,67890123456,1547754630,1547754845
01,51234567895,1547008957,1547011546
02,45678901234,1546107991,1546109959
02,31234567893,1546762681,1546764641
01,02234567890,1547402666,1547402778
01,61234567896,1548456608,1548457356
01,12345678901,1548607540,1548610331
01,21234567892,1548601157,1548602948
01,03234567891,1546987845,1546988524
01,04234567892,1547434443,1547436484
02,06234567894,1547346398,1547349167
02,89012345678,1547805444,1547807903
01,05234567893,1547393104,1547394481
02,67890123456,1546077306,1546077358
01,02234567890,1546427933,1546430231
02,02234567890,1547140080,1547140409
01,81234567898,1547226822,1547228256
02,23456789012,1546534681,1546535405
01,81234567898,1547801934,1547805175
02,34567890123,1547770496,1547770768
02,61234567896,1547521788,1547522206
02,12345678901,1547815802,1547817076
02,91234567899,1547529135,1547532396
01,31234567893,1546455973,1546456949
02,12345678901,1547816430,1547817867
02,03234567891,1546199907,1546200274
01,81234567898,1547882691,1547883517
01,67890123456,1547553097,1547555718
01,67890123456,1548347684,1548349861
02,78901234567,1547986732,1547989158
02,21234567892,1546417061,1546420655
01,78901234567,1546554821,1546558350
01,07234567895,1547619674,1547620204
01,12345678901,1548053635,1548054222
02,31234567893,1546855474,1546858655
02,89012345678,1546183860,1546184728
01,90123456789,1548239665,1548242605
02,89012345678,1547312854,1547312889
01,12345678901,1547775040,1547776244
02,90123456789,1548235926,1548236191
01,21234567892,1546074878,1546077883
01,61234567896,1546690532,1546693176
01,81234567898,1547219799,1547222361
02,41234567894,1547817296,1547818084
01,07234567895,1548175845,1548177066
02,05234567893,1546334273,1546334349
02,78901234567,1546958890,1546961513
01,34567890123,1546518644,1546519112
01,05234567893,1547116020,1547117029
02,06234567894,1548436094,1548437184
01,41234567894,1548214175,1548217717
01,45678901234,1547234698,1547236921
02,34567890123,1547632384,1547634775
02,01234567890,1548614840,1548616298
01,56789012345,1546117736,1546118640
01,34567890123,1548385740,1548386340
01,11234567891,1548033442,1548033809
02,89012345678,1548138000,1548138491
01,61234567896,1546857604,1546859914
01,23456789012,1546097464,1546097675
02,31234567893,1546992640,1546995939
02,78901234567,1546116993,1546119350
01,31234567893,1548379251,1548380083
02,34567890123,1546390623,1546392386
02,02234567890,1546718512,1546719375
02,05234567893,1547595133,1547598421
01,04234567892,1547673858,1547674341
01,67890123456,1546906178,1546908682
02,31234567893,1548059013,1548060487
01,06234567894,1547623355,1547626600
01,03234567891,1546244879,1546248140
01,07234567895,1546676019,1546677822
01,31234567893,1547302598,1547302789
01,45678901234,1548123998,1548127294
