01,03234567891,1549982071,1549982829
02,61234567896,1548727260,1548727406
01,04234567892,1549963604,1549964679
01,41234567894,1550958400,1550959148
01,45678901234,1550296829,1550298505
01,23456789012,1549627519,1549628843
01,06234567894,1550108685,1550109768
01,06234567894,1550540811,1550542178
02,01234567890,1549288755,1549290367
02,56789012345,1550054824,1550055409
01,05234567893,1550929650,1550932670
02,07234567895,1549140637,1549141623
02,67890123456,1550564668,1550568066
02,01234567890,1549822422,1549824217
02,51234567895,1551163290,1551164659
02,12345678901,1550935747,1550938122
01,71234567897,1550440813,1550441130
02,23456789012,1550755836,1550757762
01,67890123456,1549424765,1549425231
02,03234567891,1551079488,1551081991
02,90123456789,1549078820,1549082307
01,11234567891,1550886755,1550889907
01,56789012345,1551113219,1551113268
01,91234567899,1548949933,1548950781
01,12345678901,1550855281,1550856782
01,04234567892,1550975911,1550977406
01,41234567894,1550907808,1550908161
02,56789012345,1549133296,1549133418
01,34567890123,1550407377,1550410727
02,01234567890,1550199404,1550200149
02,04234567892,1549119672,1549121526
02,05234567893,1550556921,1550559474
02,34567890123,1549112057,1549113750
02,56789012345,1550562568,1550563922
02,41234567894,1550695544,1550696756
01,61234567896,1551099489,1551101261
01,06234567894,1548994682,1548995106
02,11234567891,1550947186,1550949127
01,02234567890,1549496783,1549499961
01,61234567896,1550584021,1550585315
02,11234567891,1550151026,1550151605
02,11234567891,1549825893,1549826782
01,90123456789,1551132986,1551134948
02,04234567892,1549345297,1549348625
01,12345678901,1550817931,1550821168
01,12345678901,1549181006,1549183671
01,91234567899,1549947743,1549949324
01,12345678901,1549515707,1549518161
01,12345678901,1549850578,1549853850
02,81234567898,1549856383,1549859369
02,67890123456,1550805624,1550807428
01,07234567895,1549809326,1549810315
02,12345678901,1549373365,1549375121
01,11234567891,1549135110,1549135146
01,51234567895,1549991301,1549992301
02,89012345678,1550358639,1550360592
01,12345678901,1548820741,1548821866
01,61234567896,1549486694,1549488400
02,81234567898,1548909472,1548911697
