02,45678901234,1552190922,1552194397
02,61234567896,1552075202,1552077231
02,78901234567,1553633370,1553634971
02,23456789012,1553843341,1553844090
01,90123456789,1553163455,1553166114
02,91234567899,1553553597,1553556650
02,04234567892,1551655737,1551655911
01,02234567890,1553699064,1553700036
01,23456789012,1552734296,1552735401
02,61234567896,1551706202,1551707613
02,11234567891,1552839092,1552842472
01,02234567890,1553036326,1553037953
01,78901234567,1552879282,1552879723
01,06234567894,1552784207,1552784867
01,05234567893,1551902022,1551904904
02,34567890123,1551884639,1551885291
01,61234567896,1552977665,1552978828
02,81234567898,1552625775,1552628814
02,11234567891,1551888347,1551890413
01,31234567893,1553781783,1553783235
01,01234567890,1553734627,1553735285
01,91234567899,1553351679,1553352625
01,91234567899,1553814414,1553815654
02,51234567895,1551423261,1551425105
01,04234567892,1551679210,1551682689
01,89012345678,1551922960,1551925236
02,71234567897,1551602531,1551605367
01,07234567895,1552770951,1552774005
01,78901234567,1553115761,1553116922
01,12345678901,1551274376,1551274728
01,51234567895,1553350279,1553351447
01,90123456789,1553503736,1553506048
02,81234567898,1553447738,1553449600
02,89012345678,1551273831,1551273963
01,12345678901,1553620971,1553622621
02,07234567895,1552763039,1552764347
01,41234567894,1551617030,1551618197
01,07234567895,1552443957,1552446895
02,89012345678,1552783477,1552783604
01,06234567894,1552437866,1552437997
02,03234567891,1553357223,1553359676
02,03234567891,1552285414,1552287035
02,56789012345,1551575324,1551577642
01,31234567893,1552044382,1552044809
02,05234567893,1553386081,1553387106
02,41234567894,1551657927,1551658530
01,45678901234,1551962872,1551964684
01,91234567899,1552931734,1552933757
02,61234567896,1553780493,1553784002
01,01234567890,1552090935,1552093266
02,21234567892,1551411984,1551412155
02,34567890123,1552313548,1552316588
02,06234567894,1551854577,1551857691
01,67890123456,1553658480,1553659595
02,56789012345,1551789481,1551792373
01,89012345678,1552592275,1552595303
02,01234567890,1553116181,1553119132
02,01234567890,1552461058,1552461201
02,03234567891,1551417876,1551421052
01,06234567894,1551783595,1551786627
02,90123456789,1551660601,1551662779
01,04234567892,1552232623,1552233152
01,07234567895,1551321316,1551322768
02,07234567895,1552315766,1552317785
02,06234567894,1551342704,1551344598
02,67890123456,1552790225,1552791512
01,91234567899,1551981547,1551982766
01,45678901234,1552961515,1552962276
01,78901234567,1553226205,1553229321
01,56789012345,1553322267,1553323492
01,45678901234,1552434326,1552437368
02,01234567890,1551701748,1551703537
02,06234567894,1552602503,1552603082
02,04234567892,1552918735,1552922155
02,61234567896,1552196900,1552198655
02,11234567891,1553161827,1553165016
01,90123456789,1551922869,1551924110
02,81234567898,1553244788,1553246404
01,45678901234,1551360315,1551363804
02,31234567893,1553173720,1553176554
02,78901234567,1552016681,1552017938
01,67890123456,1552576080,1552578709
02,03234567891,1553449027,1553449877
01,45678901234,1551607535,1551610437
01,90123456789,1552422591,1552425526
01,04234567892,1553441521,1553443669
02,51234567895,1553491406,1553493499
