02,06234567894,1555193782,1555196752
01,07234567895,1555053248,1555055370
02,05234567893,1555051093,1555051487
02,11234567891,1555135521,1555135820
01,51234567895,1555825074,1555825412
02,71234567897,1555746927,1555746965
01,03234567891,1556206862,1556208206
01,12345678901,1555650033,1555651569
01,91234567899,1554404809,1554406944
01,81234567898,1554951360,1554953504
01,51234567895,1553942629,1553943560
02,31234567893,1554613518,1554613916
02,51234567895,1555337706,1555339400
01,78901234567,1556211677,1556212365
01,05234567893,1554386165,1554388692
01,11234567891,1555264071,1555267513
02,45678901234,1554734044,1554735855
01,67890123456,1556121497,1556122615
02,78901234567,1553888593,1553890836
01,61234567896,1555704142,1555705185
01,51234567895,1555429618,1555433188
01,78901234567,1555726931,1555729369
01,81234567898,1554539060,1554540408
01,34567890123,1555800354,1555802491
02,78901234567,1556232354,1556235936
02,61234567896,1556047281,1556050351
02,56789012345,1555865553,1555868018
01,81234567898,1555257846,1555260929
02,23456789012,1555657362,1555659468
02,91234567899,1554848824,1554848939
02,91234567899,1556182318,1556183698
02,03234567891,1555955102,1555955650
02,01234567890,1555553460,1555555398
01,23456789012,1554833817,1554836417
01,02234567890,1555020647,1555020742
02,02234567890,1554037338,1554039256
01,04234567892,1555011721,1555014985
02,56789012345,1554572724,1554574387
01,06234567894,1554562744,1554564138
02,41234567894,1554580456,1554583170
02,71234567897,1555167840,1555169944
01,78901234567,1555573545,1555574750
01,67890123456,1553947737,1553950134
02,61234567896,1554783963,1554785998
02,61234567896,1554751111,1554751288
01,56789012345,1554979812,1554982821
01,61234567896,1554600079,1554601833
01,02234567890,1554093422,1554096520
02,45678901234,1556003940,1556007261
01,71234567897,1555963276,1555965223
01,23456789012,1555852114,1555852151
01,78901234567,1556025824,1556028601
01,90123456789,1555901192,1555902518
01,78901234567,1555467890,1555469771
02,91234567899,1556091243,1556092784
02,91234567899,1556258298,1556259067
02,03234567891,1554405272,1554408154
02,34567890123,1556169210,1556172053
02,90123456789,1556031187,1556033288
01,31234567893,1554597345,1554598366
01,56789012345,1555080298,1555082107
01,78901234567,1555132788,1555134571
01,41234567894,1555271925,1555273952
01,91234567899,1554941863,1554943778
02,23456789012,1556378877,1556379602
01,71234567897,1555740711,1555743713
01,91234567899,1556335694,1556336258
01,07234567895,1555174851,1555175236
02,03234567891,1555627102,1555628405
02,67890123456,1553918575,1553920905
01,34567890123,1555181265,1555184114
01,01234567890,1555525342,1555525427
02,03234567891,1554820891,1554821963
01,90123456789,1554307140,1554307340
01,41234567894,1554002758,1554003053
01,06234567894,1556335331,1556335737
02,02234567890,1555301928,1555304486
02,90123456789,1555834616,1555837992
02,21234567892,1554388658,1554390870
01,07234567895,1555476091,1555477397
02,31234567893,1554688323,1554690097
