01,78901234567,1558336689,1558339225
01,45678901234,1556773206,1556774642
01,31234567893,1557540449,1557543618
02,03234567891,1557459236,1557462318
01,04234567892,1557974039,1557975647
02,90123456789,1557523547,1557525764
01,56789012345,1557125484,1557127196
02,67890123456,1556522436,1556523481
01,21234567892,1558880918,1558883837
01,45678901234,1557834154,1557836267
01,51234567895,1557357426,1557360375
02,02234567890,1558877821,1558878114
01,06234567894,1558673669,1558675133
01,05234567893,1556836385,1556837850
01,21234567892,1558915724,1558917473
01,81234567898,1557602851,1557603035
02,41234567894,1557806046,1557807629
02,03234567891,1557389105,1557389411
01,61234567896,1557441524,1557442139
02,03234567891,1558453123,1558456093
02,07234567895,1556708517,1556710352
01,23456789012,1557305197,1557306867
02,03234567891,1558067687,1558071208
01,06234567894,1558155916,1558159259
01,01234567890,1558652596,1558655445
02,91234567899,1557348123,1557351550
01,06234567894,1558209911,1558210879
01,51234567895,1558409951,1558412292
01,71234567897,1558629546,1558631182
01,01234567890,1557025803,1557027143
01,81234567898,1558722962,1558726143
02,21234567892,1556965331,1556968334
02,78901234567,1557721818,1557721923
01,67890123456,1556483880,1556485681
02,61234567896,1557258243,1557258354
01,90123456789,1557464656,1557466974
02,41234567894,1558731419,1558733328
01,89012345678,1557374278,1557377016
02,04234567892,1556591476,1556592261
01,45678901234,1556609663,1556610918
01,01234567890,1558557502,1558560325
01,34567890123,1557394503,1557396558
01,12345678901,1557498826,1557499296
01,01234567890,1558328151,1558328733
01,01234567890,1556955820,1556958400
01,12345678901,1556487823,1556488405
02,78901234567,1558515642,1558516650
02,31234567893,1557913841,1557916322
01,67890123456,1557234343,1557234936
01,89012345678,1557035867,1557039424
01,12345678901,1558379546,1558382423
02,71234567897,1558501989,1558502211
01,31234567893,1558153898,1558155112
01,45678901234,1557051392,1557054916
01,67890123456,1557205371,1557208654
02,05234567893,1556648492,1556650445
01,31234567893,1557592566,1557595187
01,03234567891,1558081860,1558082584
01,05234567893,1557526894,1557528785
01,91234567899,1556518419,1556519213
02,34567890123,1558701119,1558703919
02,03234567891,1558956446,1558957086
01,07234567895,1556747145,1556750306
01,41234567894,1557548897,1557551603
01,89012345678,1556915786,1556917174
01,78901234567,1557508773,1557510970
01,01234567890,1557881977,1557885042
01,01234567890,1557646658,1557647017
02,45678901234,1558415683,1558416054
01,56789012345,1557673335,1557676285
02,78901234567,1557089224,1557092707
01,04234567892,1558520336,1558521648
01,51234567895,1558955446,1558956268
02,90123456789,1557577468,1557580444
01,21234567892,1556544871,1556547177
01,51234567895,1556559013,1556562211
01,12345678901,1556877799,1556879119
02,12345678901,1558881266,1558883010
02,71234567897,1556984695,1556986872
01,34567890123,1557057406,1557058778
01,07234567895,1558190339,1558191285
02,78901234567,1557588114,1557591072
01,61234567896,1557415114,1557417831
01,61234567896,1556464684,1556467130
02,61234567896,1556760991,1556762483
01,07234567895,1557695273,1557696187
01,90123456789,1558120221,1558120574
02,01234567890,1558782069,1558784225
02,23456789012,1558674225,1558675505
02,56789012345,1557707632,1557709887
02,67890123456,1557495977,1557499003
01,02234567890,1557744614,1557747723
02,89012345678,1556743000,1556743718
01,45678901234,1558889837,1558891216
01,67890123456,1557781366,1557783048
02,67890123456,1557907712,1557908790
02,90123456789,1557806755,1557809676
02,01234567890,1558698851,1558700493
01,51234567895,1558210679,1558211675
02,41234567894,1558054771,1558055620
01,78901234567,1557522346,1557524651
02,91234567899,1558343896,1558346731
01,91234567899,1558119083,1558119961
01,01234567890,1558095045,1558097717
01,78901234567,1558417330,1558418852
02,91234567899,1557280937,1557281864
01,11234567891,1558094469,1558095327
02,06234567894,1557154486,1557156905
02,51234567895,1558437218,1558438668
02,41234567894,1556632217,1556633046
01,02234567890,1557062960,1557063305
02,04234567892,1556525291,1556525480
01,71234567897,1557581196,1557581674
01,31234567893,1558659588,1558662023
01,51234567895,1556533218,1556535629
01,34567890123,1557143092,1557146256
01,01234567890,1558676475,1558678406
02,01234567890,1558410263,1558411746
02,06234567894,1557205886,1557206927
02,78901234567,1557318055,1557319106
01,01234567890,1558536326,1558537717
01,23456789012,1558350877,1558352873
01,67890123456,1556729245,1556731244
02,90123456789,1558616717,1558619382
01,02234567890,1558283363,1558284603
01,45678901234,1556758351,1556759520
01,41234567894,1557173784,1557175170
01,12345678901,1557730537,1557731692
02,89012345678,1557776031,1557777926
02,23456789012,1557080634,1557080800
02,91234567899,1556454105,1556456989
01,78901234567,1557421447,1557425001
01,89012345678,1556568866,1556569542
02,78901234567,1557645720,1557646293
02,07234567895,1556609967,1556612071
01,67890123456,1558988648,1558988872
