02,61234567896,1584898170,1584900056
02,12345678901,1584065053,1584068344
02,78901234567,1583640006,1583640280
01,06234567894,1582705073,1582708086
01,61234567896,1584060552,1584064036
01,71234567897,1583622857,1583624618
02,01234567890,1584664655,1584667494
02,01234567890,1584722684,1584723752
01,45678901234,1585010196,1585010931
02,56789012345,1583669040,1583669836
02,05234567893,1584967130,1584969330
02,61234567896,1582827612,1582828162
01,90123456789,1582888383,1582890020
01,61234567896,1584173855,1584176125
01,34567890123,1585083670,1585085675
02,04234567892,1583108808,1583110416
02,06234567894,1584706368,1584709826
02,06234567894,1582736482,1582739701
02,67890123456,1585059625,1585061761
02,11234567891,1583655364,1583657178
02,11234567891,1582939984,1582942216
01,07234567895,1582788879,1582792025
01,71234567897,1584961654,1584964482
02,34567890123,1583809793,1583811722
01,11234567891,1584956001,1584956113
01,02234567890,1583791404,1583792013
01,91234567899,1584648650,1584651555
02,89012345678,1583822142,1583822935
02,31234567893,1584590846,1584593493
01,12345678901,1583381138,1583383310
02,07234567895,1584087799,1584089815
02,90123456789,1583578429,1583578604
02,07234567895,1584658146,1584660672
01,81234567898,1583637702,1583640649
01,41234567894,1583986787,1583987075
01,90123456789,1583177148,1583179176
02,02234567890,1583855208,1583857924
02,07234567895,1585099546,1585101805
02,45678901234,1585082375,1585082730
01,21234567892,1584610574,1584611770
01,81234567898,1583298078,1583298108
01,56789012345,1583754660,1583754727
02,23456789012,1584581488,1584582563
01,06234567894,1582858784,1582859214
01,02234567890,1583053073,1583054723
02,21234567892,1583971290,1583974012
01,61234567896,1583478082,1583480826
01,05234567893,1584776957,1584778422
02,06234567894,1585017894,1585019746
02,81234567898,1583235982,1583237168
01,56789012345,1584486060,1584486590
01,05234567893,1583118397,1583121370
02,45678901234,1583550047,1583551699
01,61234567896,1583196309,1583196362
01,11234567891,1583513338,1583515830
02,89012345678,1584971726,1584972554
02,23456789012,1582771287,1582772636
02,90123456789,1585210662,1585211319
01,91234567899,1585180055,1585181208
01,07234567895,1583328513,1583330412
01,07234567895,1583698623,1583702097
01,03234567891,1584904347,1584905919
02,90123456789,1584702931,1584703510
01,56789012345,1584435838,1584435975
02,51234567895,1585013363,1585015175
01,61234567896,1585067037,1585068356
02,05234567893,1584807200,1584810576
02,67890123456,1584106008,1584107579
01,21234567892,1585013440,1585016563
02,03234567891,1585023061,1585025648
01,34567890123,1583794285,1583795950
01,04234567892,1582970292,1582971964
01,21234567892,1584312496,1584313773
02,21234567892,1584063190,1584065473
02,07234567895,1583004044,1583004790
01,23456789012,1583020895,1583024258
01,06234567894,1584932393,1584932431
02,91234567899,1583010284,1583011747
01,71234567897,1583877976,1583880811
02,12345678901,1584880039,1584881479
02,05234567893,1582824838,1582825762
02,21234567892,1584703458,1584706085
02,90123456789,1583794483,1583797008
01,34567890123,1585219897,1585221264
02,12345678901,1585010249,1585012691
02,31234567893,1584939464,1584942080
01,23456789012,1583850142,1583852059
02,51234567895,1584074907,1584077423
01,81234567898,1583999948,1584003304
01,71234567897,1584891354,1584892872
01,12345678901,1583028361,1583029108
02,56789012345,1585139379,1585142537
02,71234567897,1584864094,1584866531
01,02234567890,1584466786,1584470204
02,07234567895,1584539101,1584542394
01,45678901234,1583827640,1583827983
01,03234567891,1583137200,1583137731
02,91234567899,1583838885,1583841858
01,51234567895,1583069137,1583071355
02,02234567890,1583350034,1583350491
01,89012345678,1583625233,1583627852
01,06234567894,1584031038,1584033917
01,02234567890,1582882854,1582885488
02,02234567890,1584868284,1584871487
01,01234567890,1583336691,1583337714
01,03234567891,1584221432,1584221687
02,21234567892,1583863754,1583866964
02,81234567898,1582918997,1582921768
01,03234567891,1583973219,1583973887
01,05234567893,1583008845,1583011690
02,34567890123,1583136756,1583139062
02,06234567894,1584046828,1584047197
01,21234567892,1582947727,1582950377
01,12345678901,1583228427,1583230644
01,23456789012,1584420211,1584420540
02,71234567897,1582960961,1582963447
01,07234567895,1583671378,1583673072
01,91234567899,1583264950,1583266554
01,23456789012,1585195523,1585197816
01,61234567896,1584182269,1584182599
02,07234567895,1584717555,1584717846
02,78901234567,1583506433,1583508921
02,05234567893,1585211768,1585212566
02,67890123456,1584942635,1584943883
02,12345678901,1583887202,1583890263
02,11234567891,1584932836,1584934082
02,91234567899,1583039417,1583041750
01,71234567897,1584805180,1584807963
01,51234567895,1583049020,1583050781
01,06234567894,1583268560,1583271301
01,56789012345,1584431031,1584431268
01,12345678901,1583089056,1583089086
01,06234567894,1585086731,1585089913
01,12345678901,1583995328,1583998317
02,34567890123,1583483524,1583484573
02,31234567893,1584269523,1584272422
02,02234567890,1583994569,1583998059
