01,05234567893,1528688229,1528691620
02,11234567891,1527173452,1527176894
01,02234567890,1528580069,1528581492
02,71234567897,1526698318,1526699134
01,67890123456,1528596200,1528596305
02,23456789012,1527619760,1527621314
01,61234567896,1527329373,1527329444
02,05234567893,1527866509,1527869588
01,67890123456,1529069373,1529071939
01,78901234567,1528632669,1528635180
01,91234567899,1528294132,1528297387
01,23456789012,1527575921,1527577727
01,78901234567,1528700987,1528701152
02,02234567890,1528340916,1528342196
02,51234567895,1528099162,1528100932
02,67890123456,1527326191,1527326233
01,91234567899,1527200366,1527202723
02,04234567892,1527322970,1527326036
02,56789012345,1526775276,1526775640
01,41234567894,1528865604,1528867190
01,89012345678,1526844946,1526847381
02,21234567892,1528758034,1528761333
01,03234567891,1528528655,1528530811
01,31234567893,1527392246,1527393638
01,89012345678,1527160862,1527162825
01,04234567892,1527468132,1527469379
01,21234567892,1528194121,1528194474
01,12345678901,1527051726,1527053219
02,41234567894,1528604730,1528606204
01,07234567895,1528929415,1528930866
01,01234567890,1528735002,1528738123
01,04234567892,1528121114,1528124144
02,81234567898,1528958280,1528961684
01,67890123456,1527057597,1527060815
01,78901234567,1528670374,1528673744
01,04234567892,1528924180,1528926341
01,78901234567,1529002430,1529003167
02,31234567893,1527353654,1527355035
02,21234567892,1526647976,1526649585
02,71234567897,1528890361,1528890666
02,61234567896,1527817055,1527817293
01,51234567895,1529225539,1529226829
01,41234567894,1527869680,1527871332
01,21234567892,1526698988,1526700170
01,23456789012,1528556939,1528560245
01,11234567891,1529207864,1529209141
02,31234567893,1527567838,1527568350
01,03234567891,1527210861,1527211452
02,71234567897,1528252601,1528252791
02,90123456789,1526884408,1526886952
01,23456789012,1528812878,1528815401
01,91234567899,1526789202,1526789872
01,51234567895,1527359785,1527360574
02,06234567894,1527173360,1527174658
02,02234567890,1529124584,1529126247
01,34567890123,1528855451,1528857921
02,67890123456,1527262336,1527262747
01,01234567890,1527075736,1527077114
02,67890123456,1527858094,1527859524
02,41234567894,1528896213,1528897156
02,91234567899,1527978378,1527979267
02,11234567891,1528247128,1528248915
02,89012345678,1527524058,1527525446
02,71234567897,1527177793,1527178592
01,21234567892,1529156623,1529157563
02,07234567895,1528423044,1528426123
01,07234567895,1526691851,1526693459
01,21234567892,1528366481,1528368169
01,78901234567,1527934310,1527936242
01,61234567896,1527564098,1527564597
01,61234567896,1526985423,1526985514
01,34567890123,1529159426,1529159992
01,04234567892,1526875607,1526877713
01,21234567892,1527245572,1527246074
01,31234567893,1527429724,1527432049
02,23456789012,1527279016,1527279859
01,71234567897,1526923916,1526926834
01,11234567891,1528755507,1528759001
02,71234567897,1528708275,1528708722
01,12345678901,1527444979,1527447053
02,67890123456,1527780351,1527782877
02,90123456789,1527954494,1527954847
01,06234567894,1527441364,1527444016
02,23456789012,1528300838,1528303649
01,03234567891,1527753134,1527754759
01,41234567894,1527600866,1527602504
01,21234567892,1528555231,1528555904
02,01234567890,1528479198,1528482464
02,34567890123,1527740835,1527741331
02,71234567897,1527111750,1527111826
01,41234567894,1526969387,1526969657
01,56789012345,1527663293,1527665388
01,67890123456,1528696840,1528697239
01,45678901234,1526729878,1526729946
02,78901234567,1528722980,1528724039
02,21234567892,1529219185,1529219719
01,31234567893,1526666157,1526667815
02,21234567892,1528620757,1528620999
01,01234567890,1527244457,1527246881
01,03234567891,1527398097,1527400029
02,61234567896,1528294362,1528294934
01,23456789012,1527808119,1527809440
01,89012345678,1527967972,1527968781
02,07234567895,1527836601,1527838772
01,04234567892,1527475536,1527476961
01,12345678901,1528994579,1528996756
02,91234567899,1527095792,1527096343
01,89012345678,1529092879,1529094914
02,41234567894,1527446257,1527447187
01,41234567894,1528600066,1528601819
02,07234567895,1527674791,1527675526
01,34567890123,1528107778,1528110010
02,23456789012,1528994028,1528996200
02,21234567892,1528207062,1528209296
01,90123456789,1527913912,1527915562
01,03234567891,1528416444,1528417675
01,31234567893,1527432292,1527435508
01,04234567892,1528747324,1528747511
02,07234567895,1527837401,1527839533
01,56789012345,1527001772,1527004914
02,04234567892,1527485610,1527486011
01,21234567892,1527595522,1527597978
02,71234567897,1528065903,1528067833
02,02234567890,1528971178,1528973677
01,01234567890,1529040779,1529042545
02,02234567890,1527847326,1527849334
02,78901234567,1528167996,1528170615
01,02234567890,1528699451,1528701470
02,45678901234,1526732560,1526735999
01,04234567892,1528311938,1528312367
02,91234567899,1527825977,1527826320
02,45678901234,1527242828,1527246296
02,51234567895,1527106132,1527107370
02,41234567894,1527673602,1527675269
01,41234567894,1527587587,1527590878
02,05234567893,1528265386,1528266469
01,03234567891,1527683678,1527684437
02,23456789012,1527362611,1527365984
02,06234567894,1528545921,1528549506
01,71234567897,1528891334,1528894886
01,89012345678,1527440506,1527441879
02,78901234567,1527536772,1527538337
01,81234567898,1527566810,1527567053
02,03234567891,1527287768,1527288317
02,21234567892,1528871072,1528873939
02,03234567891,1528929497,1528932634
01,45678901234,1527428471,1527431605
02,78901234567,1527392025,1527395011
