02,41234567894,1533038870,1533041820
01,91234567899,1534272918,1534273643
01,05234567893,1533749711,1533749927
02,89012345678,1533349234,1533352509
01,02234567890,1534175461,1534176823
01,51234567895,1533441906,1533442492
01,02234567890,1533848314,1533848761
01,07234567895,1533884710,1533886072
01,34567890123,1533454688,1533454908
02,21234567892,1532621485,1532623637
01,56789012345,1532971178,1532972308
02,07234567895,1533617449,1533617599
01,01234567890,1533869208,1533871694
01,06234567894,1533498913,1533501213
02,51234567895,1532459913,1532461172
01,31234567893,1533390969,1533394116
02,91234567899,1532712923,1532713019
02,45678901234,1532591615,1532594368
02,04234567892,1532404126,1532405597
01,12345678901,1532547425,1532548796
02,51234567895,1533552021,1533555246
01,78901234567,1532190853,1532193965
02,03234567891,1533735020,1533736432
02,23456789012,1532121013,1532123698
02,90123456789,1533160589,1533163055
02,34567890123,1531934825,1531937712
01,03234567891,1533094994,1533098054
01,23456789012,1532616379,1532616922
01,03234567891,1532911960,1532914086
02,03234567891,1532267862,1532269926
02,61234567896,1532037213,1532039975
01,67890123456,1531868430,1531871104
01,21234567892,1534016264,1534018571
01,03234567891,1532298846,1532301407
01,04234567892,1531902403,1531903395
02,21234567892,1534162534,1534164290
02,81234567898,1532240915,1532241029
01,12345678901,1532909457,1532911514
01,78901234567,1534084773,1534087134
01,34567890123,1533280980,1533282922
02,61234567896,1533121270,1533122274
01,04234567892,1534367030,1534367636
02,90123456789,1533768116,1533769779
01,81234567898,1532906834,1532908052
01,02234567890,1533550271,1533552848
02,78901234567,1534131088,1534133286
01,07234567895,1534349968,1534351181
01,02234567890,1532064039,1532067275
01,21234567892,1533354618,1533357873
01,06234567894,1532296247,1532298953
02,90123456789,1532260256,1532260287
01,02234567890,1534059828,1534063003
01,51234567895,1532841222,1532843338
02,12345678901,1532554205,1532555525
02,89012345678,1533211205,1533213998
01,02234567890,1532773817,1532775489
02,67890123456,1533974497,1533974776
01,71234567897,1532472937,1532475204
02,45678901234,1534291050,1534293498
02,11234567891,1532179240,1532181395
01,34567890123,1534259862,1534262501
01,71234567897,1533920750,1533921200
01,78901234567,1533473151,1533474015
01,56789012345,1532175211,1532178234
01,03234567891,1532968858,1532968958
02,51234567895,1533844150,1533846408
01,12345678901,1531831583,1531832293
02,34567890123,1534083929,1534086078
02,11234567891,1532632918,1532635831
02,21234567892,1532352622,1532354817
01,71234567897,1532998641,1532999028
02,23456789012,1531945623,1531947500
02,41234567894,1533387210,1533388218
01,90123456789,1532488511,1532491858
02,78901234567,1534401143,1534403797
02,51234567895,1532195172,1532197355
02,07234567895,1534225957,1534228195
02,03234567891,1533716358,1533717970
02,91234567899,1533468560,1533469607
02,21234567892,1534226219,1534228276
02,78901234567,1532398148,1532401490
02,07234567895,1532399482,1532401500
01,67890123456,1533376497,1533379225
01,03234567891,1532667801,1532671280
01,03234567891,1532217776,1532217978
01,61234567896,1534355986,1534358002
01,91234567899,1533060248,1533063567
01,02234567890,1533446647,1533448720
02,34567890123,1534186533,1534188922
02,71234567897,1534085002,1534087845
01,12345678901,1532614418,1532615252
01,71234567897,1532082332,1532084826
01,11234567891,1533159622,1533161737
01,56789012345,1533206543,1533208124
02,02234567890,1534266190,1534269454
01,41234567894,1533368841,1533371545
01,89012345678,1533667613,1533670840
02,51234567895,1534036341,1534039920
02,89012345678,1533881214,1533884022
01,07234567895,1533453766,1533453872
01,34567890123,1533761237,1533763291
02,90123456789,1533317374,1533320193
02,01234567890,1534377894,1534381328
01,02234567890,1533344521,1533346386
01,01234567890,1533157168,1533160592
02,34567890123,1531974346,1531974596
02,51234567895,1533911995,1533914780
01,78901234567,1533977554,1533980948
02,21234567892,1533973250,1533973905
01,71234567897,1533273792,1533275013
01,61234567896,1532069088,1532071314
02,71234567897,1533936500,1533937964
02,90123456789,1532297146,1532300241
02,67890123456,1532378056,1532381306
02,61234567896,1533796392,1533798306
02,12345678901,1532765856,1532769199
02,89012345678,1532487101,1532490622
01,51234567895,1534230119,1534231287
01,34567890123,1532876723,1532878068
02,21234567892,1533147837,1533148242
02,81234567898,1533938312,1533941114
02,67890123456,1532533139,1532535678
02,12345678901,1532098326,1532100718
01,03234567891,1533876776,1533878997
02,34567890123,1532075732,1532078961
01,02234567890,1533380450,1533380952
02,89012345678,1533298967,1533302397
02,12345678901,1533831015,1533832353
02,91234567899,1533559937,1533561750
01,01234567890,1533793843,1533796693
01,06234567894,1532602158,1532605510
02,81234567898,1534417128,1534417533
02,02234567890,1532226879,1532230109
02,45678901234,1533560825,1533562524
01,51234567895,1533021345,1533024598
01,31234567893,1533687518,1533688132
02,56789012345,1533871464,1533874836
02,41234567894,1531854903,1531857015
01,78901234567,1532121087,1532123188
02,07234567895,1533525557,1533526055
02,89012345678,1534252607,1534255615
01,41234567894,1534249714,1534251545
01,91234567899,1532772229,1532774125
02,23456789012,1534104270,1534104862
01,71234567897,1533368235,1533371525
02,23456789012,1531939712,1531941747
02,56789012345,1532530557,1532531857
