01,81234567898,1595200096,1595201732
02,05234567893,1594014868,1594016905
02,81234567898,1594936822,1594938271
01,41234567894,1593591726,1593593224
02,34567890123,1594750599,1594751142
02,34567890123,1595267795,1595269145
01,07234567895,1595238578,1595241026
01,81234567898,1595275518,1595277105
01,41234567894,1594998853,1594999778
01,06234567894,1593532180,1593534291
01,23456789012,1594011747,1594012448
02,05234567893,1594335153,1594335346
02,34567890123,1593346958,1593347366
02,91234567899,1594105066,1594108366
01,91234567899,1593363581,1593366551
01,34567890123,1594053752,1594055958
02,12345678901,1594031852,1594035278
01,45678901234,1594681875,1594683393
01,04234567892,1594001131,1594004301
02,12345678901,1594181060,1594181189
01,78901234567,1595273210,1595273272
01,04234567892,1595446852,1595449298
01,51234567895,1593143768,1593146407
02,04234567892,1593994839,1593997673
02,12345678901,1595457329,1595459601
01,41234567894,1595084955,1595085392
01,78901234567,1594854219,1594855758
01,01234567890,1593537326,1593539210
01,51234567895,1593992098,1593993195
02,05234567893,1593836281,1593837219
02,34567890123,1593608727,1593610736
02,05234567893,1594271518,1594274244
01,61234567896,1593607265,1593607508
02,90123456789,1593777048,1593777788
01,02234567890,1594636549,1594639788
02,23456789012,1595545781,1595548090
02,06234567894,1594622441,1594623514
01,06234567894,1593675944,1593678414
02,23456789012,1593164183,1593164556
01,01234567890,1593874014,1593876817
02,89012345678,1593950401,1593951479
02,21234567892,1593050081,1593052749
01,61234567896,1593170766,1593172332
01,03234567891,1594519448,1594520156
02,61234567896,1593830779,1593832628
02,61234567896,1595490564,1595491444
02,21234567892,1595486517,1595488045
01,03234567891,1595570032,1595573477
02,02234567890,1593419921,1593422596
02,11234567891,1594729968,1594732691
01,12345678901,1594978830,1594981920
01,12345678901,1593619794,1593623023
02,90123456789,1593813196,1593815225
02,34567890123,1595273724,1595273818
01,91234567899,1593059105,1593059598
01,78901234567,1595438710,1595439328
02,06234567894,1593279924,1593282495
01,45678901234,1593553646,1593554828
02,12345678901,1594591690,1594592496
02,45678901234,1595187097,1595187275
02,67890123456,1595202340,1595205856
02,21234567892,1595191086,1595193399
02,31234567893,1593905719,1593906810
01,12345678901,1594575293,1594575522
02,81234567898,1593498158,1593499805
01,03234567891,1593525522,1593526611
01,81234567898,1594920466,1594923362
01,06234567894,1594630382,1594631064
02,31234567893,1593301345,1593301467
02,56789012345,1593355916,1593357079
02,11234567891,1594860161,1594862857
02,01234567890,1594758522,1594759773
02,01234567890,1594106112,1594108261
02,51234567895,1593837245,1593839948
02,67890123456,1594801647,1594803350
02,90123456789,1593954505,1593954671
01,41234567894,1594395560,1594395904
01,78901234567,1594154287,1594157868
02,06234567894,1595127472,1595127899
01,06234567894,1594372854,1594373063
02,67890123456,1594616483,1594616865
02,56789012345,1594036565,1594038997
02,05234567893,1594512008,1594512920
02,51234567895,1593442834,1593443605
02,45678901234,1594496155,1594497030
02,23456789012,1595137641,1595138978
01,45678901234,1593178336,1593179647
01,34567890123,1593756668,1593758528
02,05234567893,1593409636,1593412190
02,21234567892,1594947471,1594950614
02,03234567891,1593353420,1593356388
02,81234567898,1593630572,1593633899
02,90123456789,1594873294,1594873927
02,81234567898,1594699777,1594702433
