02,07234567895,1538266631,1538268423
02,31234567893,1538881277,1538883464
02,04234567892,1537194520,1537196164
01,11234567891,1538398549,1538400228
01,03234567891,1537662314,1537663548
01,34567890123,1539037468,1539039962
02,06234567894,1537092456,1537095819
01,61234567896,1537827304,1537830411
01,03234567891,1538421046,1538423299
01,34567890123,1538161539,1538161600
01,01234567890,1539085811,1539088634
01,02234567890,1537207278,1537209347
01,81234567898,1539538343,1539540062
01,67890123456,1539424943,1539425205
01,41234567894,1538568699,1538571289
01,06234567894,1538015529,1538017378
01,02234567890,1537830272,1537832536
01,02234567890,1537345937,1537348905
02,90123456789,1537326151,1537329231
01,71234567897,1539401046,1539403347
01,78901234567,1538056212,1538056458
01,12345678901,1538156552,1538156984
01,81234567898,1537404452,1537404858
02,04234567892,1537333865,1537336498
01,78901234567,1539487342,1539490115
01,07234567895,1537177804,1537180306
01,31234567893,1538505131,1538506385
02,45678901234,1539543613,1539546776
02,81234567898,1538952857,1538953700
02,61234567896,1539515497,1539516182
01,71234567897,1539182493,1539182580
02,78901234567,1539091506,1539094490
01,90123456789,1537381854,1537385427
02,90123456789,1538506128,1538508095
02,04234567892,1538587717,1538589777
01,34567890123,1539431255,1539434007
02,91234567899,1538696961,1538697670
02,23456789012,1537895399,1537896052
01,06234567894,1538217704,1538218755
01,02234567890,1537861519,1537864796
02,11234567891,1537167550,1537169264
02,45678901234,1539108666,1539110151
02,21234567892,1537110357,1537112328
01,71234567897,1537450594,1537452241
01,45678901234,1537134507,1537136610
01,91234567899,1537150832,1537153658
02,41234567894,1537443746,1537445178
01,89012345678,1538723636,1538724840
01,07234567895,1538837187,1538839273
02,12345678901,1537733800,1537734942
01,61234567896,1538486261,1538486700
02,34567890123,1538295222,1538297287
01,89012345678,1539586202,1539588296
01,81234567898,1539398581,1539400684
01,12345678901,1538478234,1538478949
