01,56789012345,1540742017,1540744972
02,34567890123,1540298004,1540300699
02,07234567895,1542120100,1542122274
01,21234567892,1541080317,1541081174
01,12345678901,1540975817,1540977388
02,51234567895,1541565901,1541566757
02,90123456789,1541187655,1541189702
01,41234567894,1542147471,1542148909
01,31234567893,1541683370,1541684592
02,89012345678,1542082800,1542085237
01,67890123456,1541769261,1541770043
01,01234567890,1539957423,1539959090
01,31234567893,1540616092,1540619080
02,12345678901,1540285744,1540288376
01,04234567892,1541503059,1541506133
01,34567890123,1540937418,1540938315
02,89012345678,1540674146,1540676200
02,01234567890,1540261624,1540263738
02,07234567895,1539736800,1539739638
01,91234567899,1540476462,1540477871
01,51234567895,1540922359,1540922711
01,02234567890,1542038993,1542040943
01,56789012345,1540667041,1540667283
02,07234567895,1540172527,1540172907
01,02234567890,1540370685,1540372716
01,02234567890,1542188452,1542189493
01,45678901234,1540659408,1540661711
01,31234567893,1540982197,1540982785
02,51234567895,1539757209,1539757524
01,89012345678,1541536991,1541538381
02,34567890123,1540893933,1540896216
02,45678901234,1540672340,1540672595
01,34567890123,1541952208,1541954703
02,51234567895,1540909788,1540910341
02,01234567890,1539914530,1539917149
02,67890123456,1540511532,1540513338
01,61234567896,1540371441,1540373804
02,67890123456,1539718885,1539720280
02,04234567892,1541316940,1541318876
02,41234567894,1541272673,1541273665
02,05234567893,1541448207,1541449173
01,67890123456,1542192365,1542195562
01,05234567893,1540666864,1540669577
02,56789012345,1541451399,1541452302
02,81234567898,1541757571,1541759810
01,03234567891,1540214194,1540216282
01,89012345678,1540608474,1540608670
01,12345678901,1540294396,1540294975
02,71234567897,1541991290,1541994468
02,11234567891,1540358345,1540360492
