01,78901234567,1603511868,1603514634
01,01234567890,1604375438,1604378461
01,89012345678,1604984633,1604985321
01,78901234567,1605797755,1605799303
02,31234567893,1603869086,1603869195
02,11234567891,1605339832,1605343123
01,31234567893,1604441379,1604441813
02,23456789012,1604962807,1604964784
01,03234567891,1603723332,1603723778
01,02234567890,1604296021,1604296881
01,12345678901,1604372907,1604375499
02,04234567892,1604430491,1604433476
01,90123456789,1605514434,1605516675
01,71234567897,1605495038,1605495521
01,01234567890,1605945330,1605945458
02,45678901234,1604352981,1604356462
01,07234567895,1603697255,1603700098
02,34567890123,1605049681,1605050636
01,45678901234,1604278300,1604279899
01,05234567893,1604727737,1604728441
02,34567890123,1605474158,1605477529
02,56789012345,1603661095,1603661375
02,71234567897,1603879890,1603880843
01,07234567895,1605376521,1605378594
01,21234567892,1605934764,1605935516
02,07234567895,1604349578,1604350679
02,90123456789,1604714455,1604715447
01,45678901234,1605188228,1605189926
01,02234567890,1605034838,1605036192
02,56789012345,1603834745,1603835232
02,12345678901,1604447472,1604449599
02,89012345678,1605185719,1605186284
01,89012345678,1605829829,1605832387
01,61234567896,1605247463,1605250397
01,04234567892,1605849527,1605851134
02,90123456789,1603866820,1603869665
02,03234567891,1604493548,1604496226
01,34567890123,1604770918,1604772813
01,34567890123,1604080194,1604081330
01,89012345678,1604140449,1604140681
02,56789012345,1604815798,1604819014
02,34567890123,1603647554,1603651145
01,12345678901,1604442329,1604444872
02,90123456789,1605322778,1605324355
02,12345678901,1605633839,1605635507
02,02234567890,1605584243,1605586491
01,56789012345,1605530114,1605532570
02,12345678901,1604875615,1604877763
01,91234567899,1605083140,1605084251
01,45678901234,1604247980,1604248932
02,06234567894,1605380037,1605382855
02,31234567893,1603684597,1603684919
02,31234567893,1604066872,1604068852
01,56789012345,1604185143,1604188010
01,03234567891,1605566688,1605569537
02,71234567897,1604597891,1604600705
02,81234567898,1603816002,1603819189
01,56789012345,1604645778,1604648563
02,06234567894,1603866009,1603866547
02,90123456789,1603425578,1603427250
01,03234567891,1604485016,1604485260
02,01234567890,1605800444,1605800490
02,06234567894,1603774175,1603777470
02,71234567897,1603550979,1603552253
01,21234567892,1604762141,1604764883
01,91234567899,1604152665,1604156052
01,67890123456,1603453487,1603455590
02,67890123456,1603835918,1603839395
02,51234567895,1604287769,1604290053
02,78901234567,1605264575,1605265556
01,01234567890,1603666221,1603669371
01,89012345678,1604575321,1604577658
02,31234567893,1603927508,1603930789
02,90123456789,1603435822,1603438584
02,02234567890,1603863396,1603864460
01,51234567895,1604090600,1604090669
01,51234567895,1605935146,1605938594
01,11234567891,1605061571,1605065144
01,90123456789,1605652221,1605652701
01,21234567892,1605434139,1605435516
02,34567890123,1603397858,1603398526
02,11234567891,1604139213,1604140323
01,71234567897,1605222549,1605224443
02,04234567892,1604916733,1604920325
02,11234567891,1604644463,1604645478
01,12345678901,1605805021,1605808287
01,05234567893,1604472753,1604473048
01,91234567899,1604741597,1604742796
02,03234567891,1604946991,1604948164
01,06234567894,1604192008,1604193693
02,02234567890,1605576339,1605577951
02,90123456789,1604149364,1604149714
01,05234567893,1605637631,1605638257
